1,0.0,485165195.41,52.08
200,1.3,485165195.41,1.07
400,2.1,485165195.41,1.21
600,2.9,485165195.41,3.07
800,3.7,322982577.51,8.05
1000,4.4,10315780.53,7.58
1200,5.2,1346857.28,11.74
1400,6.0,302641.05,12.35
1600,6.7,96547.78,13.23
1800,7.4,45188.36,14.07
2000,8.2,25349.74,9.53
2200,9.0,16075.36,10.75
2400,9.8,11033.23,10.10
2600,10.6,8371.86,8.42
2800,11.5,6333.29,10.40
3000,12.3,5221.20,8.58
3200,13.1,4235.66,7.52
3400,14.0,3666.37,6.94
3600,14.6,3227.58,7.15
3800,15.3,2898.82,9.37
4000,15.9,2579.85,8.95
4200,16.6,2349.22,7.67
4400,17.4,2197.56,8.35
4600,18.1,1962.96,7.99
4800,18.8,1875.10,10.90
5000,19.6,1819.80,7.06
5200,20.3,1719.68,6.44
5400,21.1,1697.90,6.40
5600,21.9,1569.78,6.99
5800,22.6,1554.34,6.55
6000,23.4,1473.08,6.03
6200,24.1,1431.72,4.97
6400,24.8,1451.74,6.43
6600,25.5,1376.07,9.66
6800,26.2,1334.26,7.07
7000,26.9,1306.36,7.02
7200,27.5,1272.51,7.40
7400,28.2,1246.69,6.95
7600,28.9,1201.55,5.92
7800,29.6,1163.35,8.79
8000,30.4,1164.92,5.95
8200,31.1,1149.72,6.31
8400,31.8,1147.86,5.40
8600,32.5,1101.13,6.83
8800,33.2,1056.54,5.73
9000,33.8,1059.91,6.01
9200,34.5,1036.17,5.80
9400,35.2,1034.32,5.66
9600,35.9,1024.16,5.45
9800,36.6,984.31,5.02
10000,37.2,980.18,5.26
10200,37.9,973.60,7.24
10400,38.6,957.71,4.66
10600,39.3,954.83,5.67
10800,40.0,942.01,4.95
11000,40.6,927.29,4.55
11200,41.3,918.84,5.20
11400,42.0,920.46,4.72
11600,42.7,902.63,5.57
11800,43.4,909.86,5.74
12000,44.1,906.08,4.90
12200,44.8,906.77,5.24
12400,45.5,906.65,5.22
12600,46.3,896.17,4.94
12800,47.0,863.83,4.86
13000,47.7,884.72,4.99
13200,48.4,899.90,8.18
13400,49.1,904.32,6.27
13600,49.8,898.68,7.55
13800,50.4,886.20,7.44
14000,51.1,891.01,7.41
14200,51.8,874.24,8.43
14400,52.4,869.50,7.91
14600,53.2,863.20,7.92
14800,53.9,866.13,7.81
15000,54.5,854.82,7.48
15200,55.2,843.03,7.04
15400,55.9,844.85,7.60
15600,56.7,840.67,6.34
15800,57.3,849.55,7.70
16000,58.0,814.67,7.21
16200,58.8,818.66,6.50
16400,59.4,812.71,7.33
16600,60.1,813.20,6.48
16800,61.0,811.38,7.07
17000,61.7,811.80,5.83
17200,62.4,816.19,7.27
17400,63.0,803.95,6.33
17600,63.7,798.53,6.78
17800,64.4,797.74,7.01
18000,65.2,796.95,5.76
18200,66.0,793.89,6.65
18400,66.7,779.43,7.08
18600,67.4,775.86,7.29
18800,68.1,762.50,5.78
19000,68.8,766.70,6.53
19200,69.6,760.32,5.65
19400,70.4,756.46,6.62
19600,71.2,773.20,6.14
19800,72.0,756.89,6.03
20000,72.7,760.29,5.86
20200,73.4,751.17,5.49
20400,74.0,744.57,5.34
20600,74.7,745.47,6.89
20800,75.3,747.36,7.38
21000,75.9,732.86,6.67
21200,76.6,729.48,6.74
21400,77.2,741.63,6.77
21600,77.8,747.07,5.40
21800,78.5,752.52,6.31
22000,79.2,733.65,5.84
22200,79.8,740.97,6.63
22400,80.4,730.31,6.03
22600,81.1,731.82,6.20
22800,81.8,729.20,5.68
23000,82.4,731.32,5.73
23200,83.0,736.72,6.32
23400,83.8,724.45,5.70
23600,84.5,736.49,5.94
23800,85.1,729.93,5.61
24000,85.7,723.59,5.62
24200,86.3,720.59,5.49
24400,86.9,724.27,5.21
24600,87.6,734.06,4.25
24800,88.4,732.77,6.19
25000,89.0,720.38,5.50
25200,89.7,711.19,6.53
25400,90.4,708.85,5.14
25600,91.1,712.22,5.60
25800,91.8,717.70,5.11
26000,92.5,715.44,5.99
26200,93.1,723.66,5.22
26400,93.8,725.37,5.68
26600,94.4,707.59,4.85
26800,95.2,706.88,4.96
27000,95.8,713.51,5.82
27200,96.4,712.05,5.16
27400,97.1,705.54,5.28
27600,97.7,711.32,5.08
27800,98.3,706.82,4.89
28000,99.1,706.67,5.76
28200,99.7,701.65,4.85
28400,100.4,708.74,4.82
28600,101.1,707.22,4.75
28800,101.8,704.35,4.81
29000,102.5,711.82,4.10
29200,103.1,714.89,5.09
29400,103.8,718.80,5.19
29600,104.6,705.44,5.84
29800,105.3,715.22,4.79
30000,106.1,706.38,5.13
30200,106.8,707.32,5.38
30400,107.4,712.91,4.85
30600,108.0,705.98,4.66
30800,108.7,689.46,4.90
31000,109.3,692.14,4.18
31200,110.1,694.50,4.40
31400,110.8,699.73,4.37
31600,111.5,705.17,4.60
31800,112.2,689.70,4.37
32000,113.1,687.51,4.13
32200,113.9,688.06,4.98
32400,114.6,694.45,4.25
32600,115.3,690.25,3.76
32800,116.0,688.25,4.57
33000,116.7,684.96,3.41
33200,117.5,703.78,4.14
33400,118.3,694.82,4.34
33600,119.1,689.95,3.48
33800,119.8,681.73,4.42
34000,120.5,684.49,4.20
34200,121.2,690.81,4.25
34400,122.1,685.42,4.02
34600,122.8,679.19,4.33
34800,123.5,686.57,4.21
35000,124.4,684.18,3.71
35200,125.2,687.85,4.22
35400,126.0,682.17,4.23
35600,126.7,672.98,3.91
35800,127.3,676.49,3.92
36000,128.1,672.01,3.46
36200,128.8,678.72,3.79
36400,129.4,679.42,3.01
36600,130.2,666.62,3.78
36800,131.0,678.68,3.82
37000,131.8,667.95,2.97
37200,132.7,669.77,3.65
37400,133.4,658.51,3.49
37600,134.3,652.62,3.87
37800,135.1,661.97,3.48
38000,135.7,668.27,3.45
38200,136.5,664.17,3.44
38400,137.3,668.31,3.22
38600,138.1,666.49,3.26
38800,139.0,660.43,2.67
39000,139.9,661.63,3.60
39200,140.6,658.89,3.40
39400,141.2,659.23,3.30
39600,141.9,665.03,3.50
39800,142.5,657.53,3.42
40000,143.2,660.69,3.31
40200,143.8,651.87,3.33
40400,144.5,656.50,3.00
40600,145.1,656.05,3.12
40800,145.8,644.67,2.98
41000,146.4,647.29,3.16
41200,147.1,662.78,3.16
41400,147.7,648.99,3.18
41600,148.4,652.41,2.74
41800,149.1,657.51,2.93
42000,149.8,656.31,2.66
42200,150.4,642.01,2.92
42400,151.1,648.66,2.71
42600,151.7,645.23,2.93
42800,152.4,652.39,3.25
43000,153.0,649.39,3.47
43200,153.8,647.32,2.96
43400,154.4,652.45,2.71
43600,155.1,645.67,2.87
43800,155.7,647.92,3.09
44000,156.5,645.96,2.76
44200,157.1,651.58,2.79
44400,157.8,647.05,2.87
44600,158.4,641.84,2.91
44800,159.1,637.72,2.45
45000,159.7,641.80,2.75
45200,160.4,638.60,2.98
45400,161.1,634.93,2.69
45600,161.9,644.43,2.72
45800,162.7,637.04,2.49
46000,163.3,639.97,2.59
46200,164.0,630.23,2.37
46400,164.7,628.83,2.45
46600,165.4,625.17,2.51
46800,166.1,628.58,2.55
47000,166.7,639.25,2.21
47200,167.4,620.67,2.32
47400,168.2,626.45,2.85
47600,168.9,624.40,2.47
47800,169.7,619.87,2.21
48000,170.4,619.42,2.36
48200,171.2,620.93,2.39
48400,171.8,630.68,2.27
48600,172.6,621.04,2.62
48800,173.4,622.99,2.40
49000,174.0,613.50,2.00
49200,174.9,621.63,2.30
49400,175.8,627.69,2.13
49600,176.6,626.23,2.26
49800,177.3,631.05,2.17
50000,178.0,617.87,2.44
50200,178.7,613.41,2.15
50400,179.3,614.66,2.29
50600,180.0,612.61,2.18
50800,180.6,626.22,2.23
51000,181.2,622.31,2.40
51200,181.9,623.62,2.28
51400,182.5,617.43,2.39
51600,183.1,620.78,2.45
51800,183.8,624.21,2.56
52000,184.5,611.25,2.36
52200,185.1,628.79,2.24
52400,185.8,619.46,2.02
52600,186.4,618.33,2.23
52800,187.1,616.63,1.87
53000,187.7,610.36,2.06
53200,188.4,613.12,2.03
53400,189.0,612.06,2.10
53600,189.6,617.31,2.05
53800,190.3,613.56,1.90
54000,191.0,620.18,2.21
54200,191.6,612.72,2.07
54400,192.3,612.93,2.20
54600,193.0,603.74,1.83
54800,193.8,610.81,1.87
55000,194.5,607.54,1.89
55200,195.2,603.94,2.21
55400,195.8,605.33,1.69
55600,196.3,592.98,1.95
55800,197.1,594.42,1.85
56000,197.8,592.83,1.99
56200,198.5,595.34,2.01
56400,199.2,603.78,1.96
56600,199.9,599.83,1.83
56800,200.6,603.15,1.84
57000,201.4,599.42,1.80
57200,202.2,594.28,1.92
57400,202.9,596.27,2.04
57600,203.6,599.57,1.68
57800,204.2,592.36,1.81
58000,204.9,595.52,1.75
58200,205.6,595.38,1.75
58400,206.3,594.88,1.86
58600,206.9,587.25,1.70
58800,207.6,595.83,1.59
59000,208.3,598.84,1.96
59200,209.0,585.08,1.81
59400,209.7,592.22,2.08
59600,210.3,594.36,1.91
59800,211.0,593.32,1.75
60000,211.7,584.38,1.81
60200,212.4,579.13,1.70
60400,213.1,587.28,1.83
60600,213.7,589.85,1.87
60800,214.5,584.68,1.75
61000,215.2,585.98,1.81
61200,215.8,575.46,1.57
61400,216.5,579.97,1.64
61600,217.2,574.07,1.89
61800,217.9,582.72,1.67
62000,218.6,568.27,1.66
62200,219.4,574.61,1.67
62400,220.1,578.29,1.60
62600,220.8,581.18,1.57
62800,221.5,577.82,1.77
63000,222.2,573.04,1.65
63200,222.8,564.65,1.68
63400,223.5,569.02,1.68
63600,224.2,573.18,1.63
63800,224.9,580.02,1.75
64000,225.6,575.51,1.67
64200,226.2,574.61,1.92
64400,226.9,585.26,1.90
64600,227.5,577.84,1.78
64800,228.2,573.59,1.73
65000,228.8,572.18,1.56
65200,229.4,564.74,1.68
65400,230.1,570.51,1.81
65600,230.7,570.54,1.61
65800,231.4,574.92,1.61
66000,232.0,575.91,1.60
66200,232.6,569.21,1.63
66400,233.2,564.24,1.47
66600,233.9,566.29,1.69
66800,234.5,564.14,1.69
67000,235.1,570.81,1.63
67200,235.8,573.51,1.67
67400,236.4,561.46,1.62
67600,237.1,572.92,1.52
67800,237.8,574.00,1.59
68000,238.5,567.38,1.62
68200,239.2,571.39,1.62
68400,239.8,562.83,1.62
68600,240.5,561.78,1.57
68800,241.2,551.75,1.59
69000,241.9,572.45,1.68
69200,242.5,560.75,1.70
69400,243.2,567.07,1.53
69600,243.9,560.86,1.71
69800,244.6,566.41,1.52
70000,245.2,562.10,1.59
70200,246.0,563.15,1.70
70400,246.9,554.99,1.51
70600,247.6,555.06,1.53
70800,248.3,556.88,1.57
71000,249.0,550.95,1.63
71200,249.9,552.56,1.57
71400,250.7,558.82,1.61
71600,251.5,559.34,1.49
71800,252.3,561.46,1.58
72000,253.1,560.13,1.51
72200,253.7,558.66,1.60
72400,254.4,562.62,1.54
72600,255.2,561.88,1.61
72800,256.0,555.05,1.73
73000,256.9,561.03,1.72
73200,257.7,552.80,1.56
73400,258.6,546.48,1.66
73600,259.4,549.67,1.58
73800,260.1,550.26,1.46
74000,260.9,556.75,1.55
74200,261.6,549.38,1.49
74400,262.3,555.80,1.51
74600,262.9,551.14,1.52
74800,263.6,551.60,1.59
75000,264.3,547.06,1.55
75200,265.0,550.83,1.50
75400,265.7,557.05,1.79
75600,266.4,546.60,1.71
75800,267.1,546.06,1.49
76000,267.8,558.82,1.77
76200,268.5,550.16,1.66
76400,269.1,547.10,1.68
76600,269.8,544.88,1.58
76800,270.5,546.55,1.51
77000,271.2,551.64,1.62
77200,271.9,553.81,1.88
77400,272.5,547.62,1.54
77600,273.2,550.34,1.49
77800,273.9,547.12,1.72
78000,274.6,553.90,1.56
78200,275.4,549.04,1.61
78400,276.0,547.60,1.64
78600,276.7,549.23,1.52
78800,277.4,547.24,1.52
79000,278.2,544.28,1.54
79200,278.8,552.26,1.49
79400,279.5,545.05,1.53
79600,280.2,545.09,1.54
79800,280.9,538.82,1.69
80000,281.5,539.19,1.68
80200,282.2,538.37,1.69
80400,282.9,537.89,1.53
80600,283.6,538.62,1.61
80800,284.3,531.91,1.58
81000,285.0,539.73,1.41
81200,285.8,541.85,1.60
81400,286.6,534.29,1.54
81600,287.2,533.95,1.50
81800,287.9,530.83,1.49
82000,288.6,536.62,1.60
82200,289.3,534.41,1.79
82400,289.9,534.05,1.67
82600,290.6,532.45,1.48
82800,291.3,524.43,1.59
83000,291.9,532.71,1.59
83200,292.6,530.65,1.64
83400,293.3,532.94,1.56
83600,294.0,527.50,1.63
83800,294.6,530.59,1.62
84000,295.3,531.31,1.62
84200,296.0,531.47,1.70
84400,296.7,527.34,1.70
84600,297.4,524.35,1.83
84800,298.0,529.73,1.61
85000,298.7,518.33,1.66
85200,299.4,518.00,1.73
85400,300.1,523.94,1.66
85600,300.8,516.32,1.75
85800,301.5,513.46,1.55
86000,302.1,517.13,1.74
86200,302.8,518.80,1.61
86400,303.5,521.41,1.80
86600,304.2,518.91,1.83
86800,304.8,515.81,1.70
87000,305.6,523.85,1.63
87200,306.3,521.32,1.73
87400,306.9,515.30,1.76
87600,307.6,516.72,1.67
87800,308.3,517.20,1.71
88000,308.9,515.22,1.68
88200,309.5,518.01,1.75
88400,310.1,515.64,1.65
88600,310.8,513.73,1.72
88800,311.5,519.75,1.71
89000,312.1,516.44,1.71
89200,312.8,511.98,1.73
89400,313.5,510.58,1.67
89600,314.2,510.30,2.02
89800,314.8,514.84,1.76
90000,315.5,511.11,1.76
90200,316.2,506.72,1.75
90400,316.9,507.49,1.70
90600,317.5,505.79,1.63
90800,318.2,506.36,1.65
91000,318.9,506.95,1.68
91200,319.5,513.19,1.76
91400,320.1,515.65,1.87
91600,320.8,510.39,1.82
91800,321.4,502.25,1.86
92000,322.1,504.91,1.61
92200,322.8,508.73,1.61
92400,323.6,503.59,1.74
92600,324.3,512.56,1.71
92800,325.0,505.72,1.72
93000,325.7,507.49,1.75
93200,326.3,502.11,1.77
93400,327.0,511.22,1.88
93600,327.7,501.29,1.75
93800,328.3,497.77,1.94
94000,329.0,504.87,1.80
94200,329.7,498.39,1.85
94400,330.3,501.76,1.92
94600,331.0,501.10,1.98
94800,331.7,502.62,1.88
95000,332.4,494.11,1.99
95200,333.0,498.59,1.89
95400,333.7,498.30,1.86
95600,334.3,498.38,1.91
95800,334.9,495.46,1.94
96000,335.6,493.91,1.81
96200,336.2,497.05,1.89
96400,336.9,498.01,2.15
96600,337.5,495.87,2.04
96800,338.1,496.80,2.14
97000,338.7,493.57,2.10
97200,339.3,490.45,2.01
97400,340.0,498.40,1.91
97600,340.7,498.42,1.93
97800,341.4,497.90,1.95
98000,342.0,493.10,2.14
98200,342.7,486.86,2.15
98400,343.5,489.87,1.89
98600,344.2,487.16,1.95
98800,345.1,485.76,2.09
99000,345.9,487.89,1.98
99200,346.6,488.30,2.14
99400,347.4,492.14,1.88
99600,348.2,491.51,2.00
99800,348.9,487.68,2.10
100000,349.7,495.88,2.10
1,0.0,485165195.41,38.12
200,1.2,485165195.41,1.05
400,2.0,485165195.41,1.06
600,2.8,485165195.41,1.37
800,3.5,485165195.41,1.60
1000,4.3,12192137.35,4.25
1200,4.9,1478397.16,7.19
1400,5.7,349538.94,8.61
1600,6.4,113804.54,8.43
1800,7.1,53166.71,7.47
2000,7.9,27551.13,7.92
2200,8.6,17407.33,6.34
2400,9.3,11209.35,6.25
2600,10.0,8197.43,7.36
2800,10.8,6121.75,5.16
3000,11.3,5021.45,5.77
3200,11.9,4161.06,7.38
3400,12.5,3549.55,6.43
3600,13.3,3144.63,6.69
3800,14.0,2746.44,5.62
4000,14.6,2486.73,5.38
4200,15.3,2224.64,5.61
4400,15.9,2155.45,8.56
4600,16.6,1952.54,6.67
4800,17.3,1752.30,6.57
5000,17.9,1683.20,6.97
5200,18.5,1541.37,5.64
5400,19.2,1498.78,6.66
5600,19.9,1370.93,6.25
5800,20.6,1383.39,6.15
6000,21.2,1297.04,5.86
6200,21.9,1273.82,5.57
6400,22.5,1211.17,6.18
6600,23.1,1167.18,5.47
6800,23.8,1120.12,4.90
7000,24.5,1082.71,7.08
7200,25.3,1077.10,6.64
7400,26.0,1031.89,3.75
7600,26.7,1022.17,4.44
7800,27.4,998.75,3.79
8000,28.2,987.77,4.67
8200,28.8,980.98,3.97
8400,29.5,951.18,4.16
8600,30.2,921.21,5.11
8800,30.9,917.45,3.93
9000,31.5,911.71,3.20
9200,32.2,883.87,2.89
9400,32.8,867.94,3.65
9600,33.4,860.00,2.91
9800,34.2,847.49,3.29
10000,34.8,857.01,4.35
10200,35.5,833.24,4.93
10400,36.3,825.71,3.46
10600,36.9,837.95,3.00
10800,37.5,804.44,4.05
11000,38.2,804.91,4.64
11200,38.8,810.85,3.73
11400,39.5,796.76,3.47
11600,40.1,774.94,3.80
11800,40.9,780.54,3.68
12000,41.7,770.14,3.10
12200,42.3,769.14,3.98
12400,43.1,760.21,4.03
12600,43.8,757.89,3.52
12800,44.4,745.76,3.09
13000,45.3,766.71,3.53
13200,46.0,745.64,3.52
13400,46.6,754.33,3.61
13600,47.3,741.03,3.03
13800,48.0,730.13,2.99
14000,48.7,742.74,3.75
14200,49.4,742.10,3.87
14400,50.1,743.07,2.49
14600,50.9,716.70,3.24
14800,51.6,735.73,3.69
15000,52.3,729.01,2.57
15200,53.0,717.94,3.75
15400,53.6,730.46,3.04
15600,54.2,724.72,3.31
15800,54.9,714.20,3.20
16000,55.5,721.09,2.18
16200,56.2,699.63,2.71
16400,56.8,691.85,2.39
16600,57.5,704.89,2.99
16800,58.2,727.50,2.38
17000,59.0,715.33,2.44
17200,59.8,704.49,2.51
17400,60.6,704.37,2.31
17600,61.3,709.17,2.67
17800,62.0,688.33,2.37
18000,62.8,706.87,2.69
18200,63.6,695.09,2.53
18400,64.2,698.98,2.44
18600,64.9,690.04,3.17
18800,65.5,678.13,2.72
19000,66.1,673.94,2.47
19200,66.8,681.48,2.17
19400,67.6,668.45,2.96
19600,68.6,668.47,2.74
19800,69.4,681.06,2.45
20000,70.2,675.58,2.53
20200,70.9,664.63,2.56
20400,71.7,664.74,2.23
20600,72.3,662.35,3.60
20800,73.0,664.92,2.44
21000,73.7,676.16,2.99
21200,74.4,664.87,2.75
21400,75.1,661.39,2.92
21600,75.9,651.74,2.40
21800,76.5,673.29,2.97
22000,77.3,671.13,2.94
22200,78.0,659.41,3.08
22400,78.7,673.37,2.56
22600,79.4,656.63,2.86
22800,80.1,646.82,2.82
23000,80.8,651.22,3.05
23200,81.4,645.36,3.04
23400,82.0,654.68,2.33
23600,82.5,659.66,2.43
23800,83.1,658.25,2.24
24000,83.7,648.06,2.59
24200,84.5,648.59,2.42
24400,85.2,650.62,2.26
24600,85.9,653.40,2.34
24800,86.6,646.72,2.23
25000,87.2,646.87,2.19
25200,87.8,654.16,2.48
25400,88.5,651.13,2.00
25600,89.2,657.38,2.08
25800,89.9,654.51,1.98
26000,90.5,658.55,2.43
26200,91.2,638.10,2.63
26400,91.8,637.61,3.00
26600,92.5,627.12,2.21
26800,93.2,633.51,2.69
27000,94.0,622.86,2.57
27200,94.9,629.77,2.03
27400,95.7,633.16,2.21
27600,96.4,620.22,2.14
27800,97.2,629.57,1.98
28000,97.8,620.92,2.15
28200,98.5,626.98,2.37
28400,99.2,634.08,2.39
28600,99.9,625.89,2.19
28800,100.5,622.65,2.77
29000,101.2,612.15,2.29
29200,101.8,614.36,2.17
29400,102.5,609.44,2.02
29600,103.1,592.88,2.01
29800,103.8,603.17,1.51
30000,104.3,595.02,1.93
30200,104.9,591.36,1.77
30400,105.6,587.72,2.04
30600,106.2,584.61,1.85
30800,107.0,586.48,2.05
31000,107.6,591.50,1.90
31200,108.3,587.43,1.74
31400,108.9,582.17,1.82
31600,109.7,595.97,1.81
31800,110.3,597.57,1.87
32000,111.1,585.74,1.70
32200,111.8,595.01,1.73
32400,112.6,576.69,1.64
32600,113.3,587.69,1.72
32800,114.0,581.92,1.50
33000,114.7,591.74,1.84
33200,115.4,591.22,1.75
33400,116.2,584.41,1.66
33600,116.9,578.28,1.69
33800,117.7,571.68,1.47
34000,118.5,575.12,1.66
34200,119.2,575.97,1.92
34400,119.8,571.87,1.65
34600,120.5,568.55,1.47
34800,121.1,569.14,1.45
35000,121.8,581.69,1.76
35200,122.5,576.65,1.69
35400,123.1,582.65,1.70
35600,123.8,567.94,1.51
35800,124.5,570.70,1.78
36000,125.1,577.04,1.25
36200,125.9,574.22,1.36
36400,126.7,569.45,1.72
36600,127.6,569.31,1.37
36800,128.5,564.12,1.52
37000,129.5,555.90,1.34
37200,130.3,562.17,1.57
37400,131.1,564.19,1.47
37600,131.8,571.19,1.49
37800,132.6,566.94,1.67
38000,133.3,570.17,1.35
38200,134.0,565.36,1.43
38400,134.6,554.78,1.43
38600,135.3,557.78,1.52
38800,135.9,554.87,1.54
39000,136.6,558.59,1.42
39200,137.4,556.73,1.36
39400,138.2,555.54,1.61
39600,138.9,553.53,1.45
39800,139.7,546.19,1.35
40000,140.5,536.10,1.38
40200,141.2,545.86,1.41
40400,142.0,544.90,1.39
40600,142.7,534.11,1.54
40800,143.5,535.07,1.56
41000,144.2,544.02,1.43
41200,145.0,539.46,1.41
41400,145.7,539.86,1.28
41600,146.5,526.03,1.35
41800,147.2,533.88,1.45
42000,147.9,540.39,1.23
42200,148.5,516.80,1.20
42400,149.0,526.33,1.16
42600,149.8,523.40,1.24
42800,150.6,529.56,1.28
43000,151.4,530.69,1.23
43200,152.1,514.42,1.21
43400,152.7,525.18,1.35
43600,153.5,525.31,1.33
43800,154.3,524.38,1.31
44000,155.1,526.28,1.47
44200,155.9,519.40,1.22
44400,156.5,529.47,1.19
44600,157.1,527.66,1.28
44800,157.7,520.67,1.19
45000,158.3,534.56,1.26
45200,158.9,536.86,1.21
45400,159.5,523.89,1.18
45600,160.2,528.77,1.25
45800,160.9,526.71,1.12
46000,161.6,528.46,1.34
46200,162.3,519.52,1.16
46400,163.0,517.28,1.36
46600,163.7,525.14,1.28
46800,164.4,513.32,1.17
47000,165.1,523.48,1.16
47200,165.8,524.60,1.15
47400,166.5,519.08,1.29
47600,167.2,522.72,1.10
47800,167.9,512.64,1.17
48000,168.5,519.76,1.23
48200,169.2,514.52,1.14
48400,169.9,523.08,1.18
48600,170.7,520.24,1.09
48800,171.3,520.00,1.09
49000,172.0,515.61,1.17
49200,172.6,512.41,1.12
49400,173.3,514.07,1.25
49600,173.9,506.83,1.30
49800,174.6,519.72,1.22
50000,175.3,513.86,1.20
50200,176.0,509.00,1.14
50400,176.6,502.31,1.17
50600,177.3,506.26,1.08
50800,178.2,502.65,1.10
51000,178.9,503.93,1.10
51200,179.4,509.34,1.24
51400,180.1,500.36,1.09
51600,180.8,505.81,1.12
51800,181.5,506.63,1.19
52000,182.1,509.17,1.20
52200,182.8,506.89,1.15
52400,183.5,499.81,1.10
52600,184.2,517.00,1.13
52800,185.2,502.11,1.08
53000,185.9,501.30,1.11
53200,186.6,493.38,1.24
53400,187.2,501.55,1.18
53600,188.0,509.72,1.09
53800,188.6,501.38,1.08
54000,189.3,502.82,1.11
54200,190.0,504.92,1.17
54400,190.7,510.28,1.07
54600,191.6,500.33,1.14
54800,192.3,490.99,1.06
55000,193.1,495.95,1.11
55200,193.8,495.99,1.11
55400,194.5,488.91,1.13
55600,195.1,494.49,1.16
55800,195.7,499.62,1.06
56000,196.4,509.27,1.16
56200,196.9,499.76,1.12
56400,197.6,489.87,1.10
56600,198.4,490.97,1.17
56800,199.2,493.74,1.10
57000,199.8,490.07,1.13
57200,200.4,498.92,1.13
57400,201.1,490.00,1.15
57600,201.8,498.19,1.16
57800,202.5,490.63,1.16
58000,203.2,493.77,1.14
58200,203.8,493.55,1.16
58400,204.6,489.87,1.16
58600,205.3,490.73,1.18
58800,206.0,490.40,1.20
59000,206.6,476.62,1.08
59200,207.3,476.25,1.08
59400,207.9,470.02,1.13
59600,208.5,472.07,1.16
59800,209.2,480.14,1.11
60000,209.9,471.73,1.13
60200,210.6,472.28,1.18
60400,211.3,474.66,1.11
60600,211.9,458.15,1.10
60800,212.7,458.75,1.14
61000,213.4,472.43,1.20
61200,214.2,473.65,1.08
61400,215.1,466.43,1.16
61600,216.0,460.57,1.07
61800,216.8,480.30,1.07
62000,217.4,462.35,1.13
62200,218.1,460.18,1.15
62400,218.7,474.50,1.08
62600,219.4,470.18,1.09
62800,220.1,461.31,1.11
63000,220.7,474.72,1.10
63200,221.4,468.66,1.06
63400,222.0,472.67,1.10
63600,222.7,460.63,1.07
63800,223.4,462.44,1.11
64000,224.0,465.47,1.12
64200,224.7,457.81,1.12
64400,225.4,468.54,1.09
64600,226.1,460.97,1.12
64800,226.7,456.31,1.12
65000,227.4,454.74,1.15
65200,228.0,452.25,1.11
65400,228.8,456.67,1.11
65600,229.4,454.37,1.10
65800,230.2,446.65,1.11
66000,230.9,449.37,1.09
66200,231.6,452.50,1.16
66400,232.2,448.86,1.07
66600,232.9,450.45,1.08
66800,233.6,454.38,1.10
67000,234.3,443.67,1.12
67200,235.0,442.37,1.07
67400,235.7,438.25,1.14
67600,236.4,452.53,1.12
67800,237.1,438.07,1.11
68000,237.9,446.27,1.10
68200,238.7,439.28,1.06
68400,239.4,443.46,1.08
68600,240.2,445.21,1.11
68800,240.8,440.44,1.09
69000,241.6,438.33,1.07
69200,242.3,435.49,1.10
69400,243.1,441.98,1.17
69600,243.9,443.57,1.10
69800,244.8,441.32,1.14
70000,245.6,444.07,1.09
70200,246.3,437.15,1.13
70400,247.1,435.19,1.13
70600,247.8,433.75,1.14
70800,248.6,437.66,1.10
71000,249.4,431.70,1.13
71200,250.1,436.31,1.18
71400,250.8,437.32,1.20
71600,251.4,437.79,1.15
71800,252.1,432.89,1.15
72000,252.9,433.85,1.14
72200,253.6,429.89,1.12
72400,254.3,433.23,1.14
72600,255.0,442.25,1.18
72800,255.7,442.35,1.17
73000,256.6,429.93,1.17
73200,257.3,431.17,1.22
73400,258.0,430.53,1.21
73600,258.8,423.11,1.15
73800,259.5,425.93,1.23
74000,260.1,430.32,1.30
74200,260.8,427.21,1.32
74400,261.5,426.85,1.25
74600,262.2,419.37,1.28
74800,262.9,429.83,1.30
75000,263.6,435.48,1.22
75200,264.3,438.02,1.29
75400,265.0,433.57,1.25
75600,265.6,426.02,1.18
75800,266.3,427.23,1.23
76000,267.1,423.56,1.23
76200,267.7,420.00,1.40
76400,268.4,417.49,1.26
76600,269.1,418.74,1.31
76800,269.8,416.16,1.24
77000,270.4,417.70,1.43
77200,271.0,417.32,1.23
77400,271.7,422.50,1.44
77600,272.5,423.65,1.45
77800,273.2,424.37,1.47
78000,273.9,426.56,1.36
78200,274.5,424.55,1.13
78400,275.1,431.30,1.22
78600,275.6,427.56,1.43
78800,276.2,417.57,1.25
79000,276.8,418.95,1.47
79200,277.4,426.40,1.24
79400,278.1,419.48,1.37
79600,278.7,411.32,1.47
79800,279.4,415.67,1.19
80000,280.0,418.44,1.48
80200,280.7,418.69,1.29
80400,281.3,413.91,1.49
80600,282.0,416.96,1.12
80800,282.7,413.81,1.25
81000,283.3,417.81,1.68
81200,283.9,410.69,1.46
81400,284.5,411.42,1.29
81600,285.2,407.73,1.51
81800,286.0,407.32,1.43
82000,286.7,411.83,1.15
82200,287.4,408.89,1.70
82400,288.2,411.67,1.25
82600,288.9,409.77,1.38
82800,289.6,407.64,1.70
83000,290.3,407.47,1.74
83200,290.9,410.75,1.55
83400,291.6,407.96,1.41
83600,292.2,401.55,1.58
83800,292.8,403.65,1.46
84000,293.6,400.56,1.64
84200,294.2,398.76,1.40
84400,294.9,402.93,1.28
84600,295.5,398.66,1.40
84800,296.2,403.49,1.53
85000,296.8,391.59,1.44
85200,297.6,397.18,1.17
85400,298.3,398.13,1.56
85600,299.1,397.90,1.28
85800,299.8,399.24,1.21
86000,300.5,402.58,1.45
86200,301.1,399.38,1.45
86400,301.8,399.43,1.21
86600,302.5,399.10,1.47
86800,303.1,389.89,1.18
87000,303.8,395.38,1.19
87200,304.6,398.40,1.14
87400,305.5,393.29,1.15
87600,306.2,390.64,1.24
87800,306.9,391.90,1.07
88000,307.6,385.31,1.35
88200,308.4,388.69,1.09
88400,309.1,390.24,1.09
88600,309.8,393.89,1.11
88800,310.5,388.99,1.10
89000,311.1,386.55,1.12
89200,311.8,390.45,1.08
89400,312.4,390.91,1.08
89600,313.1,390.40,1.07
89800,314.0,383.79,1.05
90000,314.8,390.09,1.09
90200,315.5,390.25,1.06
90400,316.2,387.06,1.06
90600,316.9,383.85,1.05
90800,317.5,385.20,1.05
91000,318.1,381.06,1.02
91200,318.7,383.84,1.04
91400,319.3,385.21,1.10
91600,320.0,387.93,1.03
91800,320.6,378.51,1.03
92000,321.3,374.70,1.05
92200,321.9,385.97,1.04
92400,322.6,382.20,1.05
92600,323.2,383.55,1.02
92800,323.9,382.01,1.02
93000,324.5,379.13,1.08
93200,325.2,377.65,1.04
93400,325.9,377.26,1.01
93600,326.5,383.15,1.02
93800,327.2,384.92,1.03
94000,327.8,380.69,1.03
94200,328.4,381.56,1.02
94400,329.1,385.47,1.02
94600,329.7,382.36,1.05
94800,330.3,382.06,1.02
95000,331.0,378.01,1.04
95200,331.6,376.36,1.02
95400,332.3,380.49,1.02
95600,333.0,378.73,1.01
95800,333.7,382.67,1.01
96000,334.3,376.72,1.03
96200,334.9,378.75,1.02
96400,335.6,377.20,1.03
96600,336.2,374.92,1.03
96800,336.8,375.87,1.03
97000,337.5,378.76,1.02
97200,338.2,375.00,1.04
97400,338.8,373.38,1.02
97600,339.4,372.75,1.01
97800,340.1,371.15,1.03
98000,340.8,367.76,1.02
98200,341.4,370.48,1.03
98400,342.1,368.72,1.03
98600,342.8,371.96,1.02
98800,343.5,365.56,1.02
99000,344.2,370.11,1.02
99200,344.8,366.01,1.03
99400,345.5,365.94,1.01
99600,346.1,365.99,1.01
99800,346.8,365.32,1.02
100000,347.6,361.92,1.02
